83 110
233 210
124 65
106 148
243 135
287 135
276 254
161 38
163 66
256 83
144 214
282 102
19 146
203 239
54 241
164 21
86 239
278 290
87 247
29 205
130 227
75 291
218 248
79 108
18 275
77 83
42 132
291 162
208 210
143 28
210 161
200 300
51 265
5 158
40 125
258 186
265 234
72 68
121 98
21 249
279 172
176 217
172 198
299 31
172 216
188 81
74 68
188 209
28 199
86 97
271 289
62 295
123 180
140 141
274 230
187 73
123 79
21 297
51 276
105 159
32 272
65 31
101 204
184 257
54 10
207 14
174 11
132 164
109 74
92 3
110 136
299 161
216 90
96 238
289 257
119 267
300 105
253 292
265 83
94 247
211 231
292 250
60 80
83 201
14 156
130 78
112 72
278 95
267 129
66 148
6 246
281 100
36 116
1 94
34 238
202 203
48 35
281 191
282 156
31 37
183 43
58 140
24 7
104 299
51 207
176 260
149 221
152 183
207 9
145 263
236 262
245 240
217 258
254 133
282 268
68 223
251 299
134 141
163 296
257 95
26 226
228 251
237 199
169 55
222 244
217 294
149 205
252 16
136 61
67 108
143 283
110 225
284 268
244 21
145 73
48 76
250 135
228 217
27 172
140 104
175 71
245 297
108 115
140 168
151 168
292 174
185 26
183 157
97 32
146 291
181 13
264 84
232 269
220 249
49 175
152 279
249 175
169 185
147 246
165 23
215 225
279 292
277 84
70 298
134 127
106 19
284 229
112 154
155 15
12 76
100 253
206 115
130 114
297 236
135 73
194 95
69 256
72 154
109 155
20 281
176 65
179 61
87 106
147 175
281 264
173 84
196 205
47 42
80 283
106 183
199 231
156 22
20 64
28 47
39 77
285 35
42 284
263 243
21 191
69 121
45 255
165 171
3 249
68 165
135 11
166 81
43 166
89 142
94 193
104 280
15 168
105 71
54 32
120 148
290 171
250 114
261 263
156 24
214 41
229 39
193 137
89 114
40 261
283 49
260 209
212 190
188 16
18 93
13 283
110 23
269 111
44 66
116 137
78 98
158 152
148 16
259 195
208 156
17 15
22 230
38 129
102 169
8 277
290 200
258 132
54 134
82 269
228 289
32 280
47 288
294 289
261 121
126 131
99 13
182 148
222 129
285 78
202 300
211 74
225 192
116 285
155 60
214 283
285 215
32 273
44 34
104 30
279 56
5 243
38 271
142 23
197 294
170 277
289 258
30 71
178 180
63 169
223 160
111 291
120 184
